"V1" "V2" "V1.1" "V2.1"
"1" -18.5023334119849 4.06453497021533 -18.5023334119849 4.06453497021533
"2" 8.19418545562804 3.32597169935089 8.19418545562804 3.32597169935089
"3" -11.9659289669576 -1.20312921068311 -11.9659289669576 -1.20312921068311
"4" -12.8442024820048 1.75883695012339 -12.8442024820048 1.75883695012339
"5" -14.1086811286429 1.46948628009352 -14.1086811286429 1.46948628009352
"6" 57.6516381600584 36.9201754640898 12.9343577965045 8.58701758683822
"7" 11.2464737112911 1.94162147298656 11.2464737112911 1.94162147298656
"8" 19.3645902941925 82.5685219812108 19.3645902941925 82.5685219812108
"9" 45.9492670808305 77.7851769574775 45.9492670808305 77.7851769574775
"10" -4.58597312702038 1.72241711758139 -4.58597312702038 1.72241711758139
"11" 28.795426006113 22.8405062594247 28.7480285789472 23.1191765031972
"12" 54.0876362157351 13.6516593958226 54.4304854789921 13.5595531299207
"13" -18.2956641095424 -0.889233457309971 -18.2956641095424 -0.889233457309971
"14" 38.0668598968316 -5.36783324378986 8.69163318762794 -1.30811266814634
"15" -15.7322009005782 -2.35714701750542 -15.7322009005782 -2.35714701750542
"16" 48.8288786168521 3.80607511623738 49.3826344707264 3.75280542823082
"17" -16.8611096557998 7.11085028108564 -16.8611096557998 7.11085028108564
"18" 71.6802658256905 2.52526618744153 71.7985102377142 2.49640669992815
"19" -8.24962505512232 1.31157632684926 -8.24962505512232 1.31157632684926
"20" 12.9001660563406 3.05224308816684 12.9001660563406 3.05224308816684
"21" 31.9769107150982 14.0635015340421 31.8749068872322 14.4928186238071
"22" 19.5488271509025 39.9835241259907 5.21569126514895 6.95667311224339
"23" 41.91158329353 -3.8394375956658 9.34904734444812 -0.935456802465739
"24" 38.5440462771012 5.27250854661378 38.7069757170255 5.12751530197117
"25" 50.9051522476114 12.7259999617531 51.2920098249715 12.6466939837819
"26" 49.3812871164633 3.00317723173274 49.3812871164633 3.00317723173274
"27" 50.8348901813986 1.91918903012251 50.8348901813986 1.91918903012251
"28" 52.2215123580295 12.8223514214386 52.5901669248505 12.741713067454
"29" 86.6576295776228 39.2004585143055 86.6576295776228 39.2004585143055
"30" -8.99475641502257 5.09167464149263 -8.99475641502257 5.09167464149263
"31" 51.1143756922627 11.7863069231424 51.4983400669665 11.7199952938679
"32" 14.5185888232617 3.21513184886331 14.5185888232617 3.21513184886331
"33" -16.5227615604105 -1.05163716341163 -16.5227615604105 -1.05163716341163
"34" -14.4184911992333 -3.18535582677158 -14.4184911992333 -3.18535582677158
"35" 60.9654830395287 46.3467728747594 13.4905431250062 10.1691481234808
"36" 8.01842303655928 -1.55993928322076 8.01842303655928 -1.55993928322076
"37" 34.9978615189499 10.0584404536239 34.8440066639125 10.5564996528728
"38" 60.4569689110542 39.507878719587 13.4051957089743 9.02132958319626
"39" 69.4813309630842 20.1294738037035 69.4813309630842 20.1294738037035
"40" -8.42084915425994 6.43422374836325 -8.42084915425994 6.43422374836325
"41" -15.3023246335997 2.17424857634675 -15.3023246335997 2.17424857634675
"42" 10.2235594651485 0.426235275096068 10.2235594651485 0.426235275096068
"43" -14.1722740819232 6.87041197397587 -14.1722740819232 6.87041197397587
"44" 56.7842809296961 11.1971800661945 57.1864193478276 11.0030475612304
"45" 29.6377954901598 14.2262123045954 29.5759397927865 14.652736657526
"46" 56.0351213702385 11.7596656487112 56.4515375894039 11.5548130546417
"47" 30.895850718352 14.4777232093957 30.8124019994251 14.8999306768139
"48" 28.538589117027 15.8164660243724 28.4955999895587 16.2156955637865
"49" 62.0853106307555 51.1515270068613 62.0853106307555 51.1515270068613
"50" 23.8678718304709 -20.1254992159325 24.5947505989939 -19.2945440294959
"51" 44.7560244116244 -14.1164373206297 9.39199729334273 -3.02633443292218
"52" 71.227013399832 -0.0269433852490495 71.353896089073 -0.00716177886519684
"53" 59.3637972387231 49.1852091751116 13.221721204947 10.6455423674971
"54" 40.0729496180961 15.8778791396674 39.8319869125799 16.2760545960075
"55" -3.38017983297774 6.0537672740091 -3.38017983297774 6.0537672740091
"56" -18.6956185465164 4.72975429904635 -18.6956185465164 4.72975429904635
"57" 26.4028999004296 5.20046577386416 26.3598661090943 5.40037018495676
"58" 52.0317828413871 2.42661408858984 52.5244963863552 2.39963475467151
"59" 28.7208068388096 62.0093165807079 28.7208068388096 62.0093165807079
"60" 23.1810494918172 15.2493587820706 5.46414359340021 3.47885841071688
"61" 52.1465702407821 18.4511911031115 52.1807846009514 18.5331128149955
"62" 55.3669935418224 39.1805043441457 12.5509102110803 8.96638409504869
"63" 22.4574067449571 21.7438616690188 5.62735681461781 4.37512413802099
"64" -14.1477542285511 8.03617462488604 -14.1477542285511 8.03617462488604
"65" 31.3801984404863 15.6606156154275 31.2884364690335 16.0625201417294
"66" 53.4422207708271 6.91052022341345 53.4422207708271 6.91052022341345
"67" 52.8218671848912 19.7397994355443 52.8495446934809 19.8092474623527
"68" 51.3078673259915 -0.578956011726986 50.6542061887909 -0.0847127466626299
"69" 40.8090852573303 3.67965868580899 9.45795862907834 0.723617793223389
"70" -4.60333052554967 1.93552341201302 -4.60333052554967 1.93552341201302
"71" 2.47831346852277 -0.67506462024442 2.47831346852277 -0.67506462024442
"72" -14.7643333307375 -0.467297887508408 -14.7643333307375 -0.467297887508408
"73" 69.492426748907 -11.5547715716244 69.492426748907 -11.5547715716244
"74" 30.4290431784409 15.5335515450482 30.3536066556758 15.9376369749773
"75" 53.0823513405896 13.8952710552644 53.4391019755398 13.7997960564685
"76" 60.3652742765932 45.0748047649166 60.566750511835 44.5833782362801
"77" -2.8697128645417 2.11878651316806 -2.8697128645417 2.11878651316806
"78" 45.6542889282411 44.9344389156497 10.4021865122047 9.83003645875171
"79" 9.63644688702961 1.29350579621146 9.63644688702961 1.29350579621146
"80" 14.8999921632707 10.9304504947922 14.8999921632707 10.9304504947922
"81" 55.9724941449034 10.0289037790566 12.3199047367269 2.29755170397777
"82" 6.19425551607721 1.95184979169069 6.19425551607721 1.95184979169069
"83" 62.8810110335446 44.8126565363717 13.8120393342 9.91166685001745
"84" -13.3825155762843 0.520278303108582 -13.3825155762843 0.520278303108582
"85" 33.5926086349727 7.72483730919778 33.462873274161 8.26295003063396
"86" 47.991463024683 -10.9504312834484 10.5006655967566 -2.28238313736344
"87" 2.52697853645441 -1.71112311925738 2.52697853645441 -1.71112311925738
"88" 9.03008733631032 65.499188750571 8.73041687535372 65.6637185677973
"89" 61.6302418655989 15.1092505897419 61.6302418655989 15.1092505897419
"90" 21.2051687595468 -23.1222949923471 22.0343650369388 -22.1761843904307
"91" -13.4217185091227 -2.81426637673401 -13.4217185091227 -2.81426637673401
"92" 58.0231660700434 46.818876607492 58.4789405071201 46.13808464638
"93" -15.3099670171295 -0.375091926663122 -15.3099670171295 -0.375091926663122
"94" -3.68966954504289 1.19462779959802 -3.68966954504289 1.19462779959802
"95" 55.0962204301814 51.13814609738 12.1614331560191 11.1596190419218
"96" 6.45083896850174 63.8521458141774 1.49393153215552 14.1586252332327
"97" 43.5113457842494 -9.4347425597397 9.65206578644642 -1.99528949797824
"98" 47.5405297889135 -9.43013034356643 47.5405297889135 -9.43013034356643
"99" 22.9331072597869 -4.03872476908707 22.8343256210977 -3.9872629415739
"100" 49.8601025714542 3.24009397941203 50.394204921266 3.19761100026942
"101" -8.91461669486387 -0.19950489190129 -8.91461669486387 -0.19950489190129
"102" 12.1422806942178 -0.94398345535857 12.1422806942178 -0.94398345535857
"103" 62.9260424202748 5.17576137661849 63.2111285396632 5.09638762618938
"104" 62.2191227421389 52.0591501748072 62.2191227421389 52.0591501748072
"105" 12.2234876580839 4.21539396232766 12.2234876580839 4.21539396232766
"106" 27.5783039434695 13.3643143208776 27.5517969687601 13.8056321274837
"107" -12.7608970462314 -3.54418340421624 -12.7608970462314 -3.54418340421624
"108" 24.3134528849784 19.297096099591 24.3429831951955 19.6365847639226
"109" 40.825064774705 19.0610777298406 8.73155383097204 4.18473228993354
"110" 61.7182750052215 53.349631999428 61.7182750052215 53.349631999428
"111" 13.8878527926594 5.53812582453013 13.8878527926594 5.53812582453013
"112" 53.2157012358924 18.1610083645254 53.2395664441884 18.2457390355045
"113" -14.3805634107281 3.85464296282242 -14.3805634107281 3.85464296282242
"114" 80.9545662807839 -19.4499018610011 80.9545662807839 -19.4499018610011
"115" 13.2016752796276 -0.974907366796505 13.2016752796276 -0.974907366796505
"116" 24.4537168505725 12.3021516418918 5.69982273391046 2.93307931068376
"117" -11.1958852347066 -0.899818786299875 -11.1958852347066 -0.899818786299875
"118" 55.8933412792341 9.96535258528906 56.3124596035844 9.79469677158303
"119" 61.3502228225599 38.6876281291136 13.5551166431991 8.88366129735028
"120" 19.5856164249874 9.75938717288413 19.5856164249874 9.75938717288413
"121" 36.2960240365194 11.1655174677265 36.1198877660132 11.6445750068802
"122" 13.281914201835 5.65182280286876 13.281914201835 5.65182280286876
"123" 33.435323052136 9.44401888262368 33.3082873112649 9.95262389729332
"124" 77.4883008936422 -23.0514002433908 77.4883008936422 -23.0514002433908
"125" 12.7845512524194 9.04482673933871 12.7845512524194 9.04482673933871
"126" -4.68319813324165 0.710923701630982 -4.68319813324165 0.710923701630982
"127" -7.72602062168567 3.38616334114661 -7.72602062168567 3.38616334114661
"128" 46.0272494743558 1.61658586883427 46.0272494743558 1.61658586883427
"129" 70.4614542355236 17.7039635641937 70.4614542355236 17.7039635641937
"130" -14.1493620227223 3.41661404734702 -14.1493620227223 3.41661404734702
"131" 64.6383700926947 10.0753363145281 64.8908219441185 9.90258438420284
"132" 20.8853864541247 9.72530834382542 5.03902080864235 2.45588610733814
"133" 12.0516094048476 8.05663041152034 12.0516094048476 8.05663041152034
"134" 27.6045833006587 66.2679449835604 27.6045833006587 66.2679449835604
"135" -11.218850710921 0.890905730094551 -11.218850710921 0.890905730094551
"136" 76.92310275566 55.2431684344665 76.92310275566 55.2431684344665
"137" -9.97532922300709 5.48544309963281 -9.97532922300709 5.48544309963281
"138" 11.1023597404366 -5.90266113406844 11.1023597404366 -5.90266113406844
"139" 41.5078736773876 -8.9594732020088 9.27257883139518 -1.90526652197736
"140" -5.03017521688974 -0.238358067699067 -5.03017521688974 -0.238358067699067
"141" 48.4690061300013 -9.23723013372325 48.4690061300013 -9.23723013372325
"142" -13.1796149619312 5.26054526594646 -13.1796149619312 5.26054526594646
"143" 63.9757705359471 3.73476629595463 13.974468075875 0.94847959717748
"144" 60.0287721283533 17.4477421692273 13.3333285042885 5.3188254708084
"145" -13.6728890596952 -0.217024208032303 -13.6728890596952 -0.217024208032303
"146" 36.1041843269927 8.45238291815203 35.9313407569101 8.97800818461536
"147" 26.2476996387527 23.4841483591061 26.2440309041994 23.7517712518404
"148" 62.4194669659007 50.3522287426007 13.7345752258252 10.8414112705749
"149" 24.5066778693272 12.4635672022651 24.5066778693272 12.4635672022651
"150" 59.0012518446366 51.6511522675092 59.0012518446366 51.6511522675092
"151" 30.8555313617885 18.264800622883 6.81598462179995 3.88271554788965
"152" -13.713058677352 3.96518471930979 -13.713058677352 3.96518471930979
"153" 61.4458071143238 17.132290500027 61.4458071143238 17.132290500027
"154" 62.3373974219522 13.7961548409818 62.3373974219522 13.7961548409818
"155" -18.4701890898896 0.322707370383414 -18.4701890898896 0.322707370383414
"156" 13.3471114978345 -7.36240205111683 13.3471114978345 -7.36240205111683
"157" 41.6182327233362 3.631338977976 9.60299151320021 0.714956891618472
"158" 13.1543361765997 -6.03662425371059 13.1543361765997 -6.03662425371059
"159" 51.0477983052177 53.5112365698701 11.4237961685104 11.4546075295159
"160" 40.6246972735586 -9.0992232359321 9.10529228764232 -1.93173722484376
"161" 52.9161931388957 12.3415671490028 53.2752414577948 12.2675772197986
"162" 33.1294626547185 16.3197516201323 33.0076766437526 16.710342860946
"163" 63.5865265974977 15.0334017969996 63.5865265974977 15.0334017969996
"164" 29.4975980015736 23.3360520031275 29.4381486273291 23.6062167936538
"165" 2.40417404680838 -1.33604648001206 2.40417404680838 -1.33604648001206
"166" 14.3168321479577 5.26444779281417 14.3168321479577 5.26444779281417
"167" 52.7306887964523 17.5897019718865 52.7592489087584 17.679962869424
"168" 55.293533536854 39.6973190766719 12.2280005941618 8.8380492710463
"169" 14.2939768669013 11.6100766496505 14.2939768669013 11.6100766496505
"170" 33.6010212267988 -25.3755584033964 7.75810823711134 -5.59066195556487
"171" 11.6381030386121 10.1442240688822 11.6381030386121 10.1442240688822
"172" 57.1611320923323 46.096287871674 57.710503268381 45.4939521559527
"173" 50.5439166686293 13.8517215234877 50.9357695166598 13.7568487402859
"174" 50.6768235495617 9.67958216975452 51.0668385225797 9.64240294322089
"175" 14.7984697629512 16.5399525653201 14.7984697629512 16.5399525653201
"176" 50.1547778988469 -9.39225631550932 49.9621875539061 -9.19904385570623
"177" 13.6360424688325 10.1612306371748 13.6360424688325 10.1612306371748
"178" 57.563010827124 48.2706385579501 58.0687473669388 47.4322191855761
"179" 60.7790450410214 52.9102082543906 60.7790450410214 52.9102082543906
"180" 37.7884408701494 13.1290663348742 37.586689039902 13.5744218933359
"181" 23.4030111916502 23.2950645432704 23.4481681505761 23.5659328347912
"182" 32.5034060471587 9.86683923313875 32.3923655531764 10.3681870394304
"183" 2.2961028602971 -0.422498839060035 2.2961028602971 -0.422498839060035
"184" -9.77392660708102 7.84857622883937 -9.77392660708102 7.84857622883937
"185" 29.3039375305347 63.5266776070826 29.3039375305347 63.5266776070826
"186" -12.5590406413675 5.71806195052238 -12.5590406413675 5.71806195052238
"187" 13.4831360340612 12.1099886713851 13.4831360340612 12.1099886713851
"188" 34.2895053781159 16.1984229016838 34.1478086136567 16.591096605631
"189" -16.6145194728401 -4.53113760659179 -16.6145194728401 -4.53113760659179
"190" 64.558063100833 10.8269292650885 64.8120454770121 10.6398531571284
"191" 23.8150937804162 -18.6228324697396 24.544000607818 -17.8496190269506
"192" 64.8465743665744 48.918500273238 14.1419333177249 10.6007787821157
"193" -4.8926192110057 6.90880323473186 -4.8926192110057 6.90880323473186
"194" 72.5278398517942 0.65234075981332 72.6299308380845 0.659176280485235
"195" 12.0614738825602 -4.99931938031184 12.0614738825602 -4.99931938031184
"196" 50.8301871688974 35.5526337257798 11.3428544261503 8.16902610930625
"197" 0.00156801148076525 17.2790300137169 0.00156801148076525 17.2790300137169
"198" 14.5372013052611 5.26158448678647 14.5372013052611 5.26158448678647
"199" -8.71531362101865 1.908768346703 -8.71531362101865 1.908768346703
"200" 2.27363913027454 -0.790219005189888 2.27363913027454 -0.790219005189888
"201" 58.5789395329608 -5.97207953438724 57.5347650018691 -5.18818339412666
"202" 60.1953952500766 47.6420730348797 13.3612940063148 10.3865472387888
"203" 59.3071524790516 -11.0511633188227 59.3071524790516 -11.0511633188227
"204" 8.10537963722886 3.75451689924966 8.10537963722886 3.75451689924966
"205" 35.3455004776972 11.8323392389738 35.1856788134444 12.2999515755988
"206" 60.1072712859135 6.7968016765044 13.3721233538957 1.4252538527165
"207" -4.404410444033 2.69268806791326 -4.404410444033 2.69268806791326
"208" -15.3969744072986 6.51633577999523 -15.3969744072986 6.51633577999523
"209" -11.7704460454414 7.78904533063876 -11.7704460454414 7.78904533063876
"210" -14.7103545944169 -1.92211499768227 -14.7103545944169 -1.92211499768227
"211" 2.54833801920987 66.387309874861 0.781894066762665 14.6211829149808
"212" 38.2869873191337 27.7926246843892 8.93602916890428 6.68001325923767
"213" 7.47982512597558 6.16326325883226 7.47982512597558 6.16326325883226
"214" 56.6682690031196 7.46998213025676 12.5009349028799 1.79398907716261
"215" 21.4447284286779 -4.10167096391843 21.3220335696684 -4.05122046913444
"216" 53.9115865384569 7.33240602070706 11.9472997877726 1.81003425949726
"217" 55.2712250758918 8.28019878729966 12.2472143395245 1.94113450520421
"218" 29.1383844783842 13.2577822565828 29.0851005769859 13.7009285593542
"219" 24.5214696868171 23.3294108071133 24.5474296360635 23.5996895858695
"220" 51.7362263186868 4.65614463923952 52.2345727053801 4.58667396525988
"221" 29.7077888470215 24.2609190428593 29.6447317969338 24.5152095907644
"222" 15.022272400409 16.4389366100139 15.022272400409 16.4389366100139
"223" -12.9739234336193 7.97220248886263 -12.9739234336193 7.97220248886263
"224" -1.17120323044845 3.78084210707181 -1.17120323044845 3.78084210707181
"225" 46.564989947409 4.00392949335376 47.1618919529636 3.94688901260421
"226" 63.5721744635044 9.80834402131485 63.8449463240165 9.64068054349874
"227" -16.6510235521029 -2.90707985436602 -16.6510235521029 -2.90707985436602
"228" -11.7518989084082 -3.70459132270475 -11.7518989084082 -3.70459132270475
"229" 44.9452605046915 19.6289504200536 45.0491832995482 19.699471461583
"230" 10.9470270273033 1.53596499341449 10.9470270273033 1.53596499341449
"231" -15.4043568768424 -2.95888846234418 -15.4043568768424 -2.95888846234418
"232" 14.7254822849391 4.40315426280685 14.7254822849391 4.40315426280685
"233" 27.2758269054283 21.5579365806075 27.2545115892848 21.8586206073191
"234" 43.1995776417651 -7.54165845121508 9.59301233485698 -1.63671164628797
"235" 11.6511492086959 -0.796172062951842 11.6511492086959 -0.796172062951842
"236" 70.1100275732207 -0.116312229362135 14.9296026412065 0.348847369348503
"237" 81.956132207767 -21.8893420335966 81.956132207767 -21.8893420335966
"238" 60.6935586829205 16.1298170632921 60.6935586829205 16.1298170632921
"239" 49.0081426886441 9.86606758686184 11.1097606341231 2.22914801529555
"240" 36.2422132583853 -21.2217686650644 8.2649077593225 -4.79362083565516
"241" 41.2549922607514 -6.25497866169915 9.27901515215948 -1.47156046733245
"242" 6.47296237705275 5.55810681600965 6.47296237705275 5.55810681600965
"243" 14.5286573695245 8.36118172627682 14.5286573695245 8.36118172627682
"244" -14.3228434694107 -2.5210406877206 -14.3228434694107 -2.5210406877206
"245" 42.5823844369479 8.30943498212868 43.3229354439114 8.07174488573937
"246" 11.0944009933009 4.47697851187111 11.0944009933009 4.47697851187111
"247" 51.2796164460865 13.809539302312 51.6612958235776 13.7152498271355
"248" 64.3447972000396 8.52750319487779 64.6028440883249 8.38425052547364
"249" -11.8821724827081 2.26895741064849 -11.8821724827081 2.26895741064849
"250" 58.1756123792201 -11.132667846598 58.1756123792201 -11.132667846598
"251" -11.4678885643599 3.40007689882161 -11.4678885643599 3.40007689882161
"252" 14.3518358272613 2.90355752420121 14.3518358272613 2.90355752420121
"253" 23.0343875406245 10.6120738887119 5.43698397280898 2.62010194898379
"254" 42.0782863766891 2.89887228159606 9.68545226479342 0.583668391113632
"255" 14.4867689772473 11.2712071666062 14.4867689772473 11.2712071666062
"256" 23.3430800294979 10.9685565933072 23.389265635535 11.4509947315883
"257" 55.3869110995375 23.0399551951387 12.2517936837163 4.96314825648466
"258" 65.7395971991366 9.25571031213305 65.9710613967017 9.09857916223652
"259" 30.3187774703306 12.2441233234933 30.2452335272858 12.7046678761187
"260" 15.9517545205783 19.2194287436337 15.9517545205783 19.2194287436337
"261" 13.9856789913101 12.0405732765647 13.9856789913101 12.0405732765647
"262" 47.2631353764833 38.2541750426742 10.7069255887795 8.5646966582066
"263" 35.191842309115 80.8655135517002 35.191842309115 80.8655135517002
"264" -5.28854509403431 1.50344248243831 -5.28854509403431 1.50344248243831
"265" 43.0384091874753 -24.6205957068418 9.5689813777967 -5.44579754232821
"266" 28.8399102846725 12.3012208936105 28.7917493377787 12.7607854343615
"267" 14.0606914026345 11.6032755331662 14.0606914026345 11.6032755331662
"268" 47.2887841564802 6.02933800490029 47.8718917846206 5.93369642859631
"269" 62.7516685424125 8.00619292705836 63.0400779532175 7.87287561012602
"270" 50.806869971693 3.55890454646984 51.3229284263222 3.5103455401492
"271" 44.8718700941109 -11.2169553670303 44.8236001979692 -10.9738950969356
"272" 13.8058987067461 -2.79871385916853 13.8058987067461 -2.79871385916853
"273" 55.3801163354594 8.46039206302871 55.8090159187422 8.31841842607579
"274" -9.10331252298587 5.9660268060409 -9.10331252298587 5.9660268060409
"275" 79.5534115418584 -20.7971596570559 79.5534115418584 -20.7971596570559
"276" 46.655620383187 43.7400375010692 10.5918533528525 9.60379934051302
"277" 54.8556817977318 -0.934051277498802 54.0114753006698 -0.420736621937416
"278" 34.5107600908368 4.63536699468028 7.94722305528358 0.669795288456675
"279" 54.6777646556401 0.359942689008207 53.8431136993583 0.803759757260406
"280" 40.4174054202866 -10.8047765541346 8.61101607130962 -2.43021274591988
"281" 12.977235769189 12.6054126146233 12.977235769189 12.6054126146233
"282" 54.3344831421318 49.3787589869459 12.0152688146849 10.8220227837592
"283" 42.5211734616091 -34.3430496720026 9.46973269931947 -7.31136996770909
"284" 73.0353997150701 5.56743590166498 73.1278174099379 5.48059745180296
"285" 63.3625568875784 8.60372816488835 63.639323728872 8.45902276763486
"286" 64.0610364719752 45.9196015311152 14.0100911018551 10.0974530252693
"287" 28.6002350373357 14.0500364034959 28.5561878309722 14.4795846062102
"288" 27.9261545373439 14.8179084804702 27.8936771209539 15.2342770723559
"289" 31.5857817407441 67.5264595010907 31.5857817407441 67.5264595010907
"290" 23.2973371432908 -5.01951773718329 23.2044074485216 -4.98381393971225
"291" 14.2595013309634 11.849974627504 14.2595013309634 11.849974627504
"292" 52.126683707555 11.3369315162551 52.4966495925407 11.2768339808314
"293" 34.1742709070338 14.8468218786903 34.034552005201 15.2626942064876
"294" 29.0869500419401 8.92600451097564 29.034548951463 9.44350062616411
"295" -12.176758777676 -2.41026590155783 -12.176758777676 -2.41026590155783
"296" 23.1598902758686 12.4558160988634 5.4602252200764 2.96153569160443
"297" 12.7670200543101 -4.65595659100837 12.7670200543101 -4.65595659100837
"298" -6.76517358213448 4.24439468600379 -6.76517358213448 4.24439468600379
"299" 42.2879467253092 21.8515728181184 9.00245789589874 4.70149063961462
"300" 22.5666296139292 -20.9642784103406 23.3435101507626 -20.101092143165
"301" 56.9385444868252 6.36857635572541 57.337742884573 6.26646943086518
"302" 12.7104379555592 7.82163002594394 12.7104379555592 7.82163002594394
"303" 64.0252276275202 5.19476046344294 64.2893650084319 5.11502462034869
"304" 60.9587347113531 17.6377688087041 60.9587347113531 17.6377688087041
"305" 56.6372140944921 47.2363608407715 57.2434705179377 46.5102398510857
"306" 47.7039947846965 4.39064302370025 48.2791891523546 4.3262323922616
"307" 26.6440302361674 8.45847134260806 26.633558958339 8.9839921085077
"308" -10.460936439045 -1.42287977618519 -10.460936439045 -1.42287977618519
"309" 13.3772750172913 -0.390544491657416 13.3772750172913 -0.390544491657416
"310" 55.9849384755342 18.2299808015268 55.9819975610097 18.3140438216485
"311" 41.4984783942819 2.4746063290621 9.58152655599711 0.507622284172888
"312" 23.4724167750081 -6.00570224830514 23.3823000185308 -5.9858431047609
"313" -6.48948919906806 6.4039580196929 -6.48948919906806 6.4039580196929
"314" 3.14728998884671 6.38287521423779 3.14728998884671 6.38287521423779
"315" -1.53645164947183 4.25690362477777 -1.53645164947183 4.25690362477777
"316" 46.0653111777924 -11.0095019405758 45.984438412326 -10.7721089606775
"317" 31.168089363952 63.649430340044 31.168089363952 63.649430340044
"318" 52.9033902036702 50.1878027553686 11.7406665863053 10.9772644285851
"319" 50.2215406053977 8.65822247338324 50.2215406053977 8.65822247338324
"320" 11.4137316159607 10.8741742478033 11.4137316159607 10.8741742478033
"321" -18.6163094975409 5.77011408206928 -18.6163094975409 5.77011408206928
"322" 8.38623141281425 68.3278127794262 1.84705686088576 14.975240681451
"323" 67.4608807799777 24.073831855666 14.5807103046475 6.43092757666278
"324" -16.6709916547997 -1.32620304185557 -16.6709916547997 -1.32620304185557
"325" 54.7694270907058 19.5896224301404 54.7782522852763 19.660524165282
"326" 47.3853555047416 33.8181708018187 9.94642248468252 6.91752730326283
"327" 56.0814578728549 9.01574183401255 56.4969909912755 8.86318410528078
"328" 47.6183489613486 3.12993654138204 48.1951756034797 3.08955298947457
"329" 34.4818845678703 17.8092087414413 34.3368858434512 18.1742352224553
"330" 65.557538643648 9.88835206406725 65.7924725904793 9.71916375899491
"331" 55.2778033113344 48.297834492534 56.0316599680848 47.4564622773995
"332" 30.3663181348975 24.720676417774 6.74674387203083 4.79644734393162
"333" 53.498768890023 17.0407094060674 53.5198940130008 17.1362845330744
"334" 19.0675190369825 15.4290827133073 19.0675190369825 15.4290827133073
"335" 57.1396406630361 -5.12552470218674 57.1396406630361 -5.12552470218674
"336" 36.1249538561843 9.28809575140636 35.9517538018381 9.79937700115507
"337" 60.0457892389229 -12.1868827459008 60.0457892389229 -12.1868827459008
"338" 2.58460425604404 -0.346981530130377 2.58460425604404 -0.346981530130377
"339" 27.5828604713021 25.422085721295 27.5562752892124 25.6564462243555
"340" 27.6801589491094 67.4971191127742 27.6801589491094 67.4971191127742
"341" 58.4214642077164 11.7292094532592 12.762670032168 2.60496107398604
"342" 12.5867834555747 1.83092046774629 12.5867834555747 1.83092046774629
"343" 7.95554709692315 4.30324950088165 7.95554709692315 4.30324950088165
"344" -4.33738406858244 -1.23027115455238 -4.33738406858244 -1.23027115455238
"345" 32.0893763549677 6.97237389954325 33.773330239083 5.07153996366446
"346" 51.7579957440335 9.35432049874435 51.7579957440335 9.35432049874435
"347" 58.3104800640429 49.8043033380194 58.7350589176569 48.7993638216578
"348" 68.7570628147309 17.9422684470363 68.7570628147309 17.9422684470363
"349" 2.44647791616831 -2.43643655121284 2.44647791616831 -2.43643655121284
"350" 42.6123184401602 -3.71423476283295 9.00611549256318 -1.15386651590901
"351" 47.2663472426914 -5.30712448033143 10.3633180493537 -1.21345819061724
"352" 56.2889077887668 48.7600376539368 56.932982134965 47.8684809799893
"353" 14.2437525288777 10.8947957536134 14.2437525288777 10.8947957536134
"354" -11.0613181388984 8.59481654401689 -11.0613181388984 8.59481654401689
"355" 15.2951101089366 16.4976722714287 15.2951101089366 16.4976722714287
"356" -13.7888062114545 9.43116286664757 -13.7888062114545 9.43116286664757
"357" -9.15264108012391 3.8021268228797 -9.15264108012391 3.8021268228797
"358" 65.5344501036811 48.1880402988663 14.2573842234632 10.4781806715885
"359" 14.0403414381088 12.5065465813219 14.0403414381088 12.5065465813219
"360" 12.1973435876756 11.5025146992107 12.1973435876756 11.5025146992107
"361" 53.3952326409642 18.7786400138568 53.4173599913311 18.8573920313595
"362" 29.4720221005641 67.8887059286753 29.4720221005641 67.8887059286753
"363" 53.7851779509021 3.26818300966717 54.2444745472491 3.22516469785724
"364" 2.79730811329925 -2.4536885381762 2.79730811329925 -2.4536885381762
"365" 66.4058651759656 -10.9400272825821 66.4058651759656 -10.9400272825821
"366" -10.3079039339131 6.54586807732743 -10.3079039339131 6.54586807732743
"367" 25.2015526516433 19.710182982987 25.2158397857473 20.0425815023258
"368" -18.9434593472718 3.561742208351 -18.9434593472718 3.561742208351
"369" 27.0687790297737 64.5961311508412 27.0687790297737 64.5961311508412
"370" -16.498500974207 2.57623835159954 -16.498500974207 2.57623835159954
"371" 12.6818157758957 12.0072205204605 12.6818157758957 12.0072205204605
"372" 64.8015486985762 -9.97400520722452 64.8015486985762 -9.97400520722452
"373" 46.8350746757645 4.85514575278493 47.4268292918677 4.78188243107245
"374" 7.42985540623557 5.83214522168201 7.42985540623557 5.83214522168201
"375" -3.63429512011033 2.14348076361158 -3.63429512011033 2.14348076361158
"376" 50.1787914002641 12.0885639732527 50.5756933067212 12.018072645562
"377" 63.7256816965421 48.2787930475232 13.9538062084087 10.493412328217
"378" 63.0738918758595 13.8703827461089 63.0738918758595 13.8703827461089
"379" -15.7660200192868 1.72361717641361 -15.7660200192868 1.72361717641361
"380" 14.4841509260393 9.17502780225665 14.4841509260393 9.17502780225665
"381" 21.8943437337491 -3.01805637562495 21.7788726739665 -2.95019585467656
"382" 30.7227244904439 15.0118566709908 30.6422472772879 15.4248963728847
"383" 32.5526723766985 16.6304123945485 32.4407862847712 17.0156715126958
"384" 21.8834795722633 -6.20324706508734 21.7678339621029 -6.18656179947533
"385" 52.2484149639881 7.54675782010013 52.7369998419653 7.42219661254704
"386" 32.5474752734638 6.46965355672688 32.4356783836317 7.02931001425152
"387" 18.551992608071 -2.95041882594052 18.551992608071 -2.95041882594052
"388" -13.4160694711552 -1.99019843646667 -13.4160694711552 -1.99019843646667
"389" 12.2791281296343 16.6314655931149 12.2791281296343 16.6314655931149
"390" -9.78998086926734 1.25846861211686 -9.78998086926734 1.25846861211686
"391" 12.7699320651888 -0.135722375213785 12.7699320651888 -0.135722375213785
"392" 69.2785878198688 -9.99779073991082 69.2785878198688 -9.99779073991082
"393" 15.2216213316414 19.1948756391322 15.2216213316414 19.1948756391322
"394" 52.724705654853 -4.12333957535072 52.724705654853 -4.12333957535072
"395" 9.10728973642398 3.28345939582521 9.10728973642398 3.28345939582521
"396" -8.70327605644164 7.17458088053019 -8.70327605644164 7.17458088053019
"397" 54.7308459658821 -1.74814561147541 53.8933441284613 -1.19110772882187
"398" 24.9670870678598 23.7405080516266 24.985398524816 24.0037308351749
"399" 15.8210477084932 41.2149119088366 15.2719187965449 42.2714978937307
"400" -15.1884193669019 3.86801229062385 -15.1884193669019 3.86801229062385
"401" 37.134660769904 10.5274634791979 36.9441302974155 11.0174724561088
"402" 13.0081743488649 6.64421294511825 13.0081743488649 6.64421294511825
"403" 50.4737099829419 -13.2931290131149 10.9956882758844 -3.27225065910697
"404" -5.19357477771677 -0.0192442205059522 -5.19357477771677 -0.0192442205059522
"405" 13.8096607504704 10.65223959053 13.8096607504704 10.65223959053
"406" 60.741288511382 -10.1851774283125 60.741288511382 -10.1851774283125
"407" -15.0212298169315 4.47945291754964 -15.0212298169315 4.47945291754964
"408" 40.280382134993 34.5644804330588 40.0358590970623 34.6419226056366
"409" 39.9205853891487 -7.7246011279993 40.0306196886635 -7.37016509007401
"410" 11.8162731422967 3.36715179625516 53.5421730933547 15.8211284427889
"411" 71.4478366470268 18.0511385190822 71.4478366470268 18.0511385190822
"412" 11.9846758784602 12.3754710037756 11.9846758784602 12.3754710037756
"413" 35.4695546814055 9.4469235624932 35.3076037743067 9.95547872178795
"414" 35.137930076423 13.7895192670665 34.9816711112061 14.2235389365463
"415" -12.6565321381339 9.16629350851057 -12.6565321381339 9.16629350851057
"416" 24.7023198968187 49.6614633081472 23.8269472311871 50.407774528823
"417" 45.0483022772139 7.68071593588179 9.94318785276502 1.24662897274254
"418" 43.7835021039265 -30.1978338167836 9.71195194924491 -6.51597402914676
"419" 2.77334632272343 -1.89669985215891 2.77334632272343 -1.89669985215891
"420" 30.7675629967967 -4.70933431572288 31.1045998304941 -4.6440516683792
"421" -16.3744854293219 6.94985133078426 -16.3744854293219 6.94985133078426
"422" 12.8870219703084 8.85422356220308 12.8870219703084 8.85422356220308
"423" -16.5517046422446 7.98337308728395 -16.5517046422446 7.98337308728395
"424" -14.5427157433338 -0.891965397261269 -14.5427157433338 -0.891965397261269
"425" 15.1177628696581 -2.65246556903498 15.1177628696581 -2.65246556903498
"426" 42.4759720080861 -3.00680530199099 9.45595083165847 -0.777744053322997
"427" 7.22896781777855 12.6789144590588 7.22896781777855 12.6789144590588
"428" 55.6605090272935 29.4250648470077 12.2697104747394 6.99325057199619
"429" 24.4644732152061 24.6430940599253 24.4914114410913 24.8908250282541
"430" -11.2693351805559 7.11543367094801 -11.2693351805559 7.11543367094801
"431" -12.1745388276676 4.94998316548011 -12.1745388276676 4.94998316548011
"432" 61.3623545957837 -11.1946955201993 61.3623545957837 -11.1946955201993
"433" 60.8155190706155 44.2312535491465 60.9681092462017 43.8314169635904
"434" -10.5542855330452 7.15165037082524 -10.5542855330452 7.15165037082524
"435" 33.9440793626207 6.89852980215622 33.8083114248383 7.45082510907008
"436" 27.8178865767658 16.5605502685238 27.7872674511359 16.9470084869644
"437" 10.1012867203127 67.7490835765744 9.76226692960136 67.8309659849764
"438" 31.4381023371937 13.4235943409645 31.3453465142298 13.8638946765385
"439" 13.3127847345972 3.2945846159182 13.3127847345972 3.2945846159182
"440" -16.3454976321135 6.11671328656596 -16.3454976321135 6.11671328656596
"441" 53.8748471402565 -1.03136762994518 53.0833191285723 -0.512826325824516
"442" 63.6230284634672 16.8069492895634 63.6230284634672 16.8069492895634
"443" 13.3749442414955 46.7462312184561 12.9156702467313 47.5996302796611
"444" 53.4774989420187 51.3720149835209 11.8508282219655 11.2044944763237
"445" 24.5873743334154 4.33216133340618 24.5873743334154 4.33216133340618
"446" 22.7773130562535 19.284193273155 22.8332093794148 19.6239033991546
"447" 13.2145241490819 8.32204805691936 13.2145241490819 8.32204805691936
"448" 7.69548119182492 6.07686330395497 7.69548119182492 6.07686330395497
"449" 7.50351101216933 5.90297977332947 7.50351101216933 5.90297977332947
"450" 51.2916368395521 5.94648715772041 51.798456401345 5.85242458804671
"451" 16.3780663918146 -4.70423670875295 16.3780663918146 -4.70423670875295
"452" 42.0789244490724 8.93161217627713 42.7613237960164 8.78065782629029
"453" -17.5151074609348 1.44096148844522 -17.5151074609348 1.44096148844522
"454" -17.4090048143465 6.16086272911393 -17.4090048143465 6.16086272911393
"455" 28.6132347909156 25.1656812193742 28.5689644592449 25.4044426007208
"456" 12.4530663084117 0.2783123061989 12.4530663084117 0.2783123061989
"457" -18.7747258987493 1.52860323860769 -18.7747258987493 1.52860323860769
"458" 5.27022304265981 63.2333081311873 5.10866705612645 63.4810725777539
"459" -11.1101290279912 -3.09891445919129 -11.1101290279912 -3.09891445919129
"460" -3.81928367616484 1.44167598753987 -3.81928367616484 1.44167598753987
"461" 61.905041353477 16.0310138944651 61.905041353477 16.0310138944651
"462" -6.62508193983389 3.51199841668034 -6.62508193983389 3.51199841668034
"463" 14.829173528873 10.741168444444 14.829173528873 10.741168444444
"464" 19.0635273338385 12.5569043154858 19.1831663714313 13.012080354432
"465" 60.307036827436 51.8277751035205 60.307036827436 51.8277751035205
"466" 32.3962315781651 19.1728622863062 32.2870306064606 19.5144832762685
"467" -10.2959650452611 -2.37694409224814 -10.2959650452611 -2.37694409224814
"468" 50.5044142884699 4.85024307449842 51.0262370719555 4.77707319011077
"469" 13.264073312385 6.18361402594811 13.264073312385 6.18361402594811
"470" 69.0097461432542 23.7031594937298 14.8406670081781 6.3687150902947
"471" -17.683469452351 0.598181369889874 -17.683469452351 0.598181369889874
"472" -13.0130182776439 -1.65295345724602 -13.0130182776439 -1.65295345724602
"473" 32.5378523489568 64.5390250644083 32.5378523489568 64.5390250644083
"474" 48.4825707240028 -9.27745122593142 10.5936885865845 -1.96549621604613
"475" 53.752365223904 6.16604828439243 53.752365223904 6.16604828439243
"476" 26.9555647451602 63.387953415709 26.9555647451602 63.387953415709
"477" -14.6932708382641 0.732567295740546 -14.6932708382641 0.732567295740546
"478" -9.38558738109292 7.51717847151566 -9.38558738109292 7.51717847151566
"479" -11.5178044784067 -0.3225462435733 -11.5178044784067 -0.3225462435733
"480" -15.5760936322941 0.952153277043394 -15.5760936322941 0.952153277043394
"481" 15.5019571998275 19.0910085650818 15.5019571998275 19.0910085650818
"482" 71.184286507231 1.13181195605337 15.0968701413707 0.543186560561533
"483" 15.2094469514527 11.1111961758762 15.2094469514527 11.1111961758762
"484" 26.7891151783554 18.8686418759834 26.7761536900708 19.2154844474231
"485" 28.8854781271361 15.0417303443762 28.8365350624287 15.4542573002007
"486" 55.9295987730392 5.73927197150533 55.9295987730392 5.73927197150533
"487" 52.0000190813793 13.0955394197955 52.3717365216628 13.0111233426987
"488" 56.8255398924453 41.5530995233921 12.7957080548725 9.3645930267177
"489" 50.1465079518169 55.5389476810554 11.2530785774555 11.8386857069319
"490" -18.1432159427957 -1.6309652549908 -18.1432159427957 -1.6309652549908
"491" 61.9671793618641 4.5608674024914 13.2503692086355 0.881567051007826
"492" 65.3603868504435 3.71343601827111 65.5990781998753 3.66193188553516
"493" -3.97114898792096 0.284545024355752 -3.97114898792096 0.284545024355752
"494" 53.026363075566 2.56021681464913 53.5001214880572 2.53069122323976
"495" -17.6785229269947 -0.582650747672407 -17.6785229269947 -0.582650747672407
"496" 56.582339195942 13.7944685271497 12.4853289805025 2.94259451488669
"497" 58.1547173337138 48.7650341029297 13.0187930267699 10.5750215015394
"498" 63.5187256195151 5.74329354456642 63.7925161307944 5.65310352506356
"499" 52.0512057919581 0.149834409835644 51.357621570666 0.60493593447182
"500" 42.331842979798 3.23416780074495 9.73090015529791 0.643767295476945
"501" 28.0995221895893 23.5497765469044 28.0640691236668 23.816273009859
"502" 57.3317846517025 17.1718607719278 12.6214376020954 3.55597097808613
"503" 9.27730108767119 9.17499462478342 9.27730108767119 9.17499462478342
"504" 45.3033066725969 -9.52774704841394 45.2432506308443 -9.33083320215785
"505" 51.2732120586101 -10.5292201198802 11.1247734062929 -2.25904732735155
"506" 43.3261979481014 -1.60299879279815 9.13461870789724 -0.773829538435305
"507" -14.3447321807991 2.07753143181058 -14.3447321807991 2.07753143181058
"508" 57.8315731619737 45.1656325933553 58.3081501101685 44.6643442857523
"509" 14.3410027012169 37.1023092581468 4.47860230323796 6.54888062682085
"510" 20.6074727587679 8.24374980352097 20.6074727587679 8.24374980352097
"511" -14.8906385223557 -3.82119271520872 -14.8906385223557 -3.82119271520872
"512" 24.4240759427131 20.9351888617744 24.4517075397287 21.2465616123305
"513" 61.6807277019238 7.38673944477237 13.1990251556068 1.38808086915578
"514" 65.5142409036928 -9.10991519836211 65.5142409036928 -9.10991519836211
"515" 15.1678142397186 7.78184714332132 15.1678142397186 7.78184714332132
"516" 35.9050995953479 12.3060199436896 35.7356730778756 12.7655021144544
"517" 11.2188629476487 -5.39073430977663 11.2188629476487 -5.39073430977663
"518" 23.2930413796366 12.7120000635237 23.3400858395783 13.1645140684389
"519" 54.1843252035614 50.1596696350981 11.9864560776277 10.9718661645661
"520" -11.1640085464543 4.40977310564895 -11.1640085464543 4.40977310564895
"521" 29.9680407472563 14.4170811642692 29.9005167828669 14.8403294802592
"522" 12.776902113773 11.8311518136268 12.776902113773 11.8311518136268
"523" 18.0332639120938 10.6047788764246 4.51084996752552 2.61875102078244
"524" 53.688155649792 19.8740040718017 53.7074475153406 19.9421530022702
"525" 41.5792078613696 -4.54111657029827 41.6208881420504 -4.48042935816054
"526" 64.1061556792244 6.67558700577582 64.3687506989585 6.56762894156702
"527" 79.4834793651925 -22.5083252144312 79.4834793651925 -22.5083252144312
"528" 11.0415267849954 11.3796997943002 11.0415267849954 11.3796997943002
"529" 14.5073293404812 2.84451442745958 14.5073293404812 2.84451442745958
"530" 14.9412117936526 4.37779431782414 14.9412117936526 4.37779431782414
"531" 65.2833707425446 46.1960195460599 14.2152438511667 10.1438461577295
"532" 20.9670645311651 -19.5914211760088 21.8054102446189 -18.780988568745
"533" 48.8129237152855 -3.38490278235993 10.1222670363564 -1.09458449711964
"534" 51.0862606559917 2.46280025318428 51.5969943643092 2.43513126797372
"535" 71.483769514374 3.70178392448884 15.1435011465786 0.943344076634053
"536" 51.6037588132752 10.6463984903002 52.2597090018651 10.3867927725151
"537" -18.8903080084094 2.90738006931946 -18.8903080084094 2.90738006931946
"538" 50.360904886118 7.87401538067441 50.360904886118 7.87401538067441
"539" 61.1984172178236 15.4875275301347 61.1984172178236 15.4875275301347
"540" 42.1959363158774 4.30769340311612 9.70654002779596 0.836187739007607
"541" 52.1672381438145 5.96101610053541 52.6573701241044 5.86667663209945
"542" 21.5932226991781 -5.29796903926914 21.4729136415066 -5.26673901366053
"543" 23.7924706792169 18.7730734943272 23.8309430292952 19.1215563833609
"544" 13.8505772163651 -4.0371066856402 13.8505772163651 -4.0371066856402
"545" 7.84340342330524 5.6242652501004 7.84340342330524 5.6242652501004
"546" 30.8620608922353 18.8770731181526 6.81690877830048 3.96937348006557
"547" -9.64621326787922 4.07802475216856 -9.64621326787922 4.07802475216856
"548" 52.7998059660167 8.36855578222395 11.7983738724326 1.95718123508268
"549" 50.2728476525507 43.5565891526012 11.6959247461864 9.70085244081241
"550" 16.4524686115831 12.3000246745319 16.4524686115831 12.3000246745319
"551" 71.8953650242616 1.33366051768998 15.2075886303668 0.574615393264516
"552" 5.02804628332551 4.85913316350406 5.02804628332551 4.85913316350406
"553" -14.63379051737 8.09315793348393 -14.63379051737 8.09315793348393
"554" 28.2740108172905 81.935036147047 28.2740108172905 81.935036147047
"555" 51.2496346237166 -8.99370711191525 51.0271345737906 -8.81138236813091
"556" 8.29634119389816 66.7725102289616 8.02362408947374 66.8902659838748
"557" 10.8564884572166 3.30110710594393 10.8564884572166 3.30110710594393
"558" 55.0068809633393 11.4918993791657 12.1992061589302 2.52441930220705
"559" 17.0440597884213 22.7326643236905 17.0440597884213 22.7326643236905
"560" -3.65044741333573 0.0787992109444599 -3.65044741333573 0.0787992109444599
"561" 58.0550150860673 13.1581765503622 12.6964173016529 2.86331337013362
"562" 12.6019638590136 11.9250995173486 12.6019638590136 11.9250995173486
"563" 26.7287985840702 9.73510275188514 26.7168723583807 10.2387116581789
"564" 47.9788046866515 5.15159922873338 48.5487616104931 5.07268597077974
"565" 60.3243378922863 53.4350908041069 60.3243378922863 53.4350908041069
"566" 27.1042040767619 13.5777681926757 27.0858344623297 14.0154223174726
"567" 12.7309771277735 1.02152752544068 12.7309771277735 1.02152752544068
"568" 32.7215411139753 14.1495111450533 32.6067565910396 14.5773519821525
"569" 25.9415665751941 10.9750777618865 25.9431522505361 11.4574039720658
"570" 72.3213292117537 4.27854515527536 72.4273559655219 4.21627093261837
"571" 50.1247138940526 3.03107496315917 50.1247138940526 3.03107496315917
"572" 12.0881678853751 9.15078224964295 12.0881678853751 9.15078224964295
"573" 25.3364696524079 -19.4917212338536 26.0069158159169 -18.6851197145647
"574" 39.2563565663269 -8.51027764669385 39.3919146424927 -8.12565106103251
"575" 29.2256892685276 7.39449963436176 6.58530506871459 2.34418848179917
"576" -15.7258331004265 -1.9783949134505 -15.7258331004265 -1.9783949134505
"577" 27.3436452556909 14.3449908603148 27.3211659182341 14.7694765206218
"578" 48.2726689974943 5.75919597210283 48.8370253305029 5.6687028773826
"579" -12.526678866296 3.75149207783453 -12.526678866296 3.75149207783453
"580" 50.1512890907778 1.77211607882803 50.6798418842447 1.75761044592901
"581" -3.76241356420808 6.33214562856002 -3.76241356420808 6.33214562856002
"582" 14.4595786963051 -6.87398598725019 14.4595786963051 -6.87398598725019
"583" 7.84339650702359 -0.0855210113448459 7.84339650702359 -0.0855210113448459
"584" 35.0679629958812 15.1697793058235 34.912904932377 15.5801084535372
"585" 22.4439408211852 -3.21356617348806 22.3372999301504 -3.14884683459183
"586" 53.4969547274329 -2.52290919485876 52.7257224911801 -1.92426045375161
"587" 55.0904058124801 17.6216169627471 55.0961239438798 17.7115689242525
"588" 65.7052217680034 6.6030271332898 65.9373411071334 6.49645194594525
"589" 25.8375768449471 65.4216986099839 25.8375768449471 65.4216986099839
"590" 39.3428964914264 -21.0569312283033 8.86250044934936 -4.19670222229742
"591" 22.4163434481969 82.2523448014185 22.4163434481969 82.2523448014185
"592" 10.657290694713 7.11492765841448 10.657290694713 7.11492765841448
"593" 49.4193791098217 -12.200855628798 49.2468786637021 -11.9309168038239
"594" 61.1389051510852 52.0353616916832 61.1389051510852 52.0353616916832
"595" 32.9272236952141 17.5111926545564 32.8089088754278 17.881334227216
"596" 2.35115774285785 -1.08921715752105 2.35115774285785 -1.08921715752105
"597" -12.0712563525951 0.834267171957777 -12.0712563525951 0.834267171957777
"598" -11.813770523031 -3.29948960596741 -11.813770523031 -3.29948960596741
"599" 29.1005785570631 65.4390950725188 29.1005785570631 65.4390950725188
"600" 59.5275207797949 53.1525449016371 59.5275207797949 53.1525449016371
"601" -18.0205349486496 -0.168433158662357 -18.0205349486496 -0.168433158662357
"602" 70.068573834427 1.78692249796349 70.2175345568664 1.77213467804066
"603" 65.1816254681573 4.7170805916069 14.1622257325123 1.10143085632683
"604" 21.0303357730935 -8.63160891760212 22.9683925389796 -10.173911119052
"605" 25.4414435421637 15.0103651835857 25.4516132344786 15.4234304850868
"606" 36.2521337099438 -8.87422866765272 36.4393409921805 -8.695167880639
"607" 61.9610220907595 35.3625530512473 13.6576312761974 8.32559112758075
"608" 6.08472724940385 67.3191640899453 1.42713199414019 14.7912059648265
"609" 61.0270722127808 -12.752204317179 61.0270722127808 -12.752204317179
"610" 50.0670169748416 2.09577512377754 50.0670169748416 2.09577512377754
"611" -12.5520929058714 2.57027951885636 -12.5520929058714 2.57027951885636
"612" 30.5625826936579 61.9693137112819 30.5625826936579 61.9693137112819
"613" 51.284718446056 9.08492081195455 51.284718446056 9.08492081195455
"614" 56.2065211181567 9.71082701807385 56.619670728137 9.54502206071859
"615" -16.5270200875727 5.06398671168862 -16.5270200875727 5.06398671168862
"616" -1.54682999129568 3.47097664849773 -1.54682999129568 3.47097664849773
"617" 26.3473801424953 22.2236768031645 26.3420005106638 22.5129341908441
"618" 62.5890512831945 14.9167384547198 62.5890512831945 14.9167384547198
"619" 13.51136909227 2.6398916147024 13.51136909227 2.6398916147024
"620" 56.9164589220966 10.3689604693004 12.5460092808824 2.32047962123361
"621" 44.0097947190467 24.0882526030377 9.32131863547976 5.11569059978485
"622" 34.3738583475155 11.0420911230539 34.2307137646732 11.5232671286001
"623" 31.4807200048349 15.0258379887575 31.387232700299 15.4386377179625
"624" -10.6802275717287 -0.241059552664691 -10.6802275717287 -0.241059552664691
"625" 31.109579875772 16.6970368358508 31.0224627500857 17.081152424712
"626" 35.9673072315691 10.3506718066948 35.7968129940162 10.8437152023732
"627" 11.4079151573995 8.63613789886162 11.4079151573995 8.63613789886162
"628" 33.8339800521584 16.8278088986267 33.7001018380786 17.2096799405818
"629" 11.0060745306179 -7.41976432380473 11.0060745306179 -7.41976432380473
"630" -14.168864930704 5.92057465487576 -14.168864930704 5.92057465487576
"631" 16.3203388222605 6.26274185302976 16.3203388222605 6.26274185302976
"632" -11.1239207295176 -1.97667910375419 -11.1239207295176 -1.97667910375419
"633" 11.2417419011785 1.06374040236579 11.2417419011785 1.06374040236579
"634" 29.4562581081413 16.1542829623852 29.3975182839943 16.5477142758866
"635" 15.0921588896228 17.0102519413157 15.0921588896228 17.0102519413157
"636" -14.3614972663384 4.7760388738605 -14.3614972663384 4.7760388738605
"637" 8.49326626316992 3.74841691528423 8.49326626316992 3.74841691528423
"638" 56.1268755858842 -0.151252334834971 55.2143960492519 0.320019900690893
"639" 8.51341955458853 -1.38068488878447 8.51341955458853 -1.38068488878447
"640" 15.6420283131847 3.01917757910647 15.6420283131847 3.01917757910647
"641" 20.9533864037541 10.3700844410113 5.05161339190705 2.57528908829849
"642" 12.5397877167468 -0.263279142771815 12.5397877167468 -0.263279142771815
"643" -18.2069904580779 2.54768053901482 -18.2069904580779 2.54768053901482
"644" 56.005687771682 38.3933170992064 12.3628930347284 8.59105220125215
"645" -9.77874340450935 -0.11622148583629 -9.77874340450935 -0.11622148583629
"646" -10.3263454650583 -3.0705250884537 -10.3263454650583 -3.0705250884537
"647" 32.7652435663106 8.68400083390003 32.6497089427639 9.20565065434567
"648" 15.9474203105206 38.1352595777512 4.70596647410756 6.69507915677107
"649" 42.7708823874846 -13.0695856497587 42.7800080583202 -12.7759145335647
"650" -17.1259474723793 -2.14365186087412 -17.1259474723793 -2.14365186087412
"651" 29.9241204429175 7.03745614961064 29.8573503183095 7.5873669510213
"652" 60.8939808519835 23.1376547478152 13.268376763494 4.6394334082389
"653" 44.7939709980196 -5.20566300938187 9.93103710289683 -1.27823440087202
"654" 55.0838717590167 40.5535635071337 12.1882875832396 9.00023450466279
"655" 50.5697066232825 9.31234449171503 50.5697066232825 9.31234449171503
"656" -10.7667206492213 5.94822365810211 -10.7667206492213 5.94822365810211
"657" 21.763047852137 9.51621891412433 5.20155069716314 2.41716584257868
"658" 5.74853919170603 5.67295323247667 5.74853919170603 5.67295323247667
"659" 4.88386414137529 66.4351960424641 4.73650062361794 66.5653426625642
"660" -7.19503287396743 5.48975208706052 -7.19503287396743 5.48975208706052
"661" -9.4986669789378 4.65696218861589 -9.4986669789378 4.65696218861589
"662" 54.214975699888 22.7526956585977 12.0379662119454 4.91073582789943
"663" 33.3412549258722 62.9664926915186 33.3412549258722 62.9664926915186
"664" 63.0845038245167 7.10962538954037 63.3665699191684 6.99339523748833
"665" 3.19740488671138 65.1493144381986 0.900320668885622 14.3953023465087
"666" 77.2848444201399 -20.984888262072 77.2848444201399 -20.984888262072
"667" 26.734269093048 10.8545165112623 26.722248972579 11.3389120119027
"668" 49.8782132044843 41.731221479783 11.2022596235141 9.22330016981574
"669" -12.021924606417 -3.05612562931391 -12.021924606417 -3.05612562931391
"670" 62.4126252356968 47.2183680163857 13.7334269312914 10.3154339177161
"671" 33.2626220357498 15.4052122704771 33.1385505023996 15.8115004913966
"672" 65.2157375921292 7.4407771299448 65.4571857285549 7.31823574739209
"673" 14.8362919993056 4.54231427850613 14.8362919993056 4.54231427850613
"674" 38.3633711888957 -0.355309380564233 38.5332432823745 -0.284047077615106
"675" -1.19224672459297 -0.0292299362547122 -1.19224672459297 -0.0292299362547122
"676" 58.4091413216271 -14.0711094296089 58.4091413216271 -14.0711094296089
"677" 15.1975929448776 -3.88209776564456 15.1975929448776 -3.88209776564456
"678" 75.013626080382 4.45078269311661 75.0683418970754 4.38522589431838
"679" 12.3785560502053 -0.571002831209271 12.3785560502053 -0.571002831209271
"680" 53.649287024159 48.6839725923708 11.883791413172 10.6887051723934
"681" 35.1710489906321 7.55421969977774 35.0142215786473 8.09526086953246
"682" 41.2461981339956 2.99179340413341 9.53630743921861 0.600323721524486
"683" 87.4174402842302 0.641733642973829 18.312738941234 1.44034947616729
"684" 57.5830823896511 -12.0194652109153 57.5830823896511 -12.0194652109153
"685" -4.20585242517161 -0.613233079526029 -4.20585242517161 -0.613233079526029
"686" 15.6300714704952 16.3215535450509 15.6300714704952 16.3215535450509
"687" 48.5825133662966 -13.0544149211904 48.4328747311633 -12.7611582446264
"688" 27.6995333865428 21.6973850817572 27.6709456526437 21.9956756408185
"689" 61.3696994448664 49.2645889836008 13.5583855383857 10.6588652255266
"690" -17.4032913644884 -2.3890257183293 -17.4032913644884 -2.3890257183293
"691" 71.0824280198198 4.86852796118472 71.2120662786349 4.79500959566146
"692" 3.90351429550951 68.0899723294883 1.02915506515192 14.9318450965832
"693" 56.4198358037833 19.1825021459337 56.4126850978302 19.2573447916571
"694" 18.3593565457811 -10.0319593536361 18.3593565457811 -10.0319593536361
"695" 11.560636972898 8.650253636321 11.560636972898 8.650253636321
"696" 72.6180680088617 2.39857730772059 15.3201171072248 0.740428274788664
"697" 38.7399199473558 25.9531941041242 7.9319008463166 4.97089162306311
"698" 15.6467986448416 -6.55230275453156 15.6467986448416 -6.55230275453156
"699" 19.6269042431335 -10.5502738257201 21.5972075672532 -12.0484909839246
"700" 9.98160505928654 -2.63223245635861 9.98160505928654 -2.63223245635861
"701" 61.7919035987319 45.0773401489162 13.6292469590476 9.95609051719151
"702" 59.6232903103809 -13.3378440360872 59.6232903103809 -13.3378440360872
"703" 29.2936139956462 17.4721008927743 29.2376657642274 17.8429134290258
"704" 57.4694385776162 -13.0608107657486 57.4694385776162 -13.0608107657486
"705" -17.6560857908495 3.32564602732096 -17.6560857908495 3.32564602732096
"706" 23.0113868666035 -6.87535317618746 22.9138629167803 -6.8694663855184
"707" 59.5316868435837 44.3565985328958 59.8236711880127 43.9431524121836
"708" -18.918886121804 0.719789160911248 -18.918886121804 0.719789160911248
"709" -16.7252594802863 8.54319510964866 -16.7252594802863 8.54319510964866
"710" 24.2002725555542 21.8482507714363 24.2317454714994 22.1439519003868
"711" 29.9890571206558 9.92956993007998 29.9211724352156 10.4298410385759
"712" -17.3755433295008 2.20596746411718 -17.3755433295008 2.20596746411718
"713" 37.4986332915548 -12.5946663608264 37.7017339595775 -12.0530923171305
"714" 67.1840911882689 8.70801057981087 67.3880256059478 8.5613177240076
"715" 52.94723812984 -1.09623849824478 52.2055299703799 -0.574213121593515
"716" -15.6721593875179 5.64419649305694 -15.6721593875179 5.64419649305694
"717" 55.432842789671 73.40288993008 55.432842789671 73.40288993008
"718" 24.0777559152589 -21.7775324477741 24.796569640052 -20.8830959341492
"719" 58.4309253045148 6.50149252879991 12.8210552234194 1.61809931271327
"720" 46.304576793591 44.0341643495968 10.5253605564468 9.65951127269529
"721" 7.53626640460699 69.1543880270984 7.29146981056444 69.1846481240472
"722" -15.1688150894742 8.197002087736 -15.1688150894742 8.197002087736
"723" -20.5194104424266 0.427074827736227 -20.5194104424266 0.427074827736227
"724" 14.3439483654521 -0.344381944523563 14.3439483654521 -0.344381944523563
"725" -17.2262398285765 5.236042057629 -17.2262398285765 5.236042057629
"726" 25.4073374338718 8.98455668132421 25.4180925169668 9.5010478181556
"727" 58.7186883003758 53.0953460844085 58.7186883003758 53.0953460844085
"728" 13.792520042423 5.31801821045778 13.792520042423 5.31801821045778
"729" 33.964193876205 17.4438392862153 33.8280806967229 17.8151368993266
"730" 51.0262758888593 41.3446310729253 11.4197195076868 9.15007428568789
"731" 60.4829043857127 50.291272976596 13.4095486376772 10.8311806460368
"732" 17.0584480800079 5.27537687433342 17.0584480800079 5.27537687433342
"733" -1.74966765837832 4.88253259877809 -1.74966765837832 4.88253259877809
"734" 23.4254543635801 -3.49362516324446 23.3345830797824 -3.43340542632102
"735" 55.7648962430579 11.0781052299208 12.3368711672051 2.44926913504809
"736" 53.2707302667186 8.82094300766433 11.8314351960407 2.07915658516917
"737" -17.9206846656297 4.8971149419262 -17.9206846656297 4.8971149419262
"738" 32.2215681538227 13.0242741278271 32.1153650720375 13.4714283198741
"739" 12.6410026182993 3.08363114964022 12.6410026182993 3.08363114964022
"740" 30.6872225525826 6.51774389918198 30.607354687961 7.07657494318114
"741" 50.8922906591835 2.65357214398592 50.8922906591835 2.65357214398592
"742" 65.1107506653532 8.04433073802515 65.3541996872148 7.91028657449521
"743" 46.149726087986 34.1337233560603 9.71760222232037 6.97596296145571
"744" 31.7642118599742 9.50032551742248 31.6658587549542 10.0079640956817
"745" 12.8570684140427 -0.464560221179896 12.8570684140427 -0.464560221179896
"746" 32.1409849629486 8.11321045161126 32.0361649957821 8.64465721002208
"747" -16.4693122404816 3.67906272208267 -16.4693122404816 3.67906272208267
"748" -9.30859296794301 -2.96232385537619 -9.30859296794301 -2.96232385537619
"749" 34.3019891929659 9.07587265256391 34.1600781586741 9.59079645936797
"750" 21.9579682098514 -18.814843908469 22.7582372796721 -18.0342521994738
"751" 13.5894859544291 2.88727616651107 13.5894859544291 2.88727616651107
"752" 51.0569012763206 -11.9079866930681 11.1075926983222 -3.0064655675275
"753" 55.0434513054661 46.438554495384 12.4966078971347 10.1845524627526
"754" 60.0526119094504 11.6363172115339 13.1155736927181 2.55064737784083
"755" 3.25771861803469 2.98438380816189 3.25771861803469 2.98438380816189
"756" -12.1665105957719 8.27719830072156 -12.1665105957719 8.27719830072156
"757" 56.010734726125 46.1512164003352 12.6589537119332 10.1363265383058
"758" 62.8774565568938 16.3059354648316 62.8774565568938 16.3059354648316
"759" 56.7515079889799 18.0433030474378 56.7411467074917 18.1291731019053
"760" 58.5900045663782 8.16089912598525 58.9577287365952 8.02463335261382
"761" 34.261596982031 14.103808666137 34.120379231994 14.5324339319244
"762" 13.2077944371782 12.2835488286687 13.2077944371782 12.2835488286687
"763" 7.51800860018638 65.1213355813276 7.27388268648352 65.2997454186299
"764" 31.2592554199142 7.9316104542387 31.1695692915495 8.46617416059388
"765" 73.2292783367999 2.91379652397603 73.3180010105592 2.87753226030966
"766" 30.7343579652606 13.1997797204219 30.6536810773472 13.6439215677333
"767" -9.64554826221345 -1.75336923404505 -9.64554826221345 -1.75336923404505
"768" -13.9601786014143 -1.45222025552278 -13.9601786014143 -1.45222025552278
"769" 8.07373497805141 4.1280665552709 8.07373497805141 4.1280665552709
"770" 8.02576097158758 -1.77482692994026 8.02576097158758 -1.77482692994026
"771" 66.3905857267684 7.45715108481881 66.609643108515 7.3342976404805
"772" -13.4024087116381 7.88884056978374 -13.4024087116381 7.88884056978374
"773" -19.331668662306 2.43247767927894 -19.331668662306 2.43247767927894
"774" 71.1889119234729 19.0124301558821 71.1889119234729 19.0124301558821
"775" 19.9391086313259 8.77512970675061 19.9391086313259 8.77512970675061
"776" 43.1084594802182 8.17123873644226 43.844077050509 7.93484461946734
"777" 51.8714576951604 -1.35436047989736 51.1875273512232 -0.818471935858426
"778" 7.26187133304129 6.02981185334824 7.26187133304129 6.02981185334824
"779" 28.0448571067816 12.8893396875143 28.0103423019821 13.3388098687267
"780" 45.6507529902744 -8.12580687550715 45.5812052802297 -7.96719175457842
"781" 15.0954162047623 15.5241373421809 15.0954162047623 15.5241373421809
"782" 61.9384895637649 -9.64507834004787 61.9384895637649 -9.64507834004787
"783" 39.2238072529191 35.34830837572 8.00038779229287 6.30062827075363
"784" 64.5977828600566 6.36945936822676 64.8510082401964 6.26733561453929
"785" 19.3948377726199 10.8314936791866 19.3948377726199 10.8314936791866
"786" 66.5650849831336 8.87081118967454 66.7808166839468 8.72101561071106
"787" 74.3421429241503 3.72306280280612 74.4096561519976 3.67137519872224
"788" -13.5237518924631 -4.29832918193534 -13.5237518924631 -4.29832918193534
"789" 9.93549391822914 -0.941866108647475 9.93549391822914 -0.941866108647475
"790" 46.4339146196867 -9.00723419511473 46.4339146196867 -9.00723419511473
"791" -5.06760683954138 0.0814262926045327 -5.06760683954138 0.0814262926045327
"792" 56.5607305937268 12.2631783011689 12.4814045894218 2.66449315298648
"793" -12.0970620413816 7.06517364674851 -12.0970620413816 7.06517364674851
"794" 14.0857088918545 10.291728799755 14.0857088918545 10.291728799755
"795" 32.1070351234233 7.32726428239929 32.0027978648695 7.87220087193317
"796" 7.66194381875885 5.68960533988925 7.66194381875885 5.68960533988925
"797" 33.7491919473636 8.26482235323075 33.6167690202483 8.79366687369041
"798" 58.7152461249065 47.2367080505615 59.0958768461697 46.510549362009
"799" 33.1008732591244 66.4132902969804 33.1008732591244 66.4132902969804
"800" 53.4179917264605 11.9017461282236 53.7701010285164 11.8338381720398
"801" -4.76444589239617 0.543409999400681 -4.76444589239617 0.543409999400681
"802" 10.4339921804486 2.74011158028035 10.4339921804486 2.74011158028035
"803" 38.0207940689792 11.9155071268618 37.8150541724546 12.3816919856182
"804" 25.9854766639328 -20.6412830347039 26.6309839668595 -19.7905082461391
"805" 52.0847496689354 4.09064895540809 52.5764537496104 4.03195573832309
"806" 51.4012563322958 1.61145029855085 51.9059867192433 1.60000670232318
"807" 15.7282599751165 1.76370142198004 15.7282599751165 1.76370142198004
"808" 14.2991705377577 5.41134569209098 14.2991705377577 5.41134569209098
"809" 34.981677096883 8.85534313836612 34.8281000281993 9.37405207196476
"810" 13.5868757255508 9.16449472435962 13.5868757255508 9.16449472435962
"811" 14.9599783262143 1.73140116525344 14.9599783262143 1.73140116525344
"812" -15.4974318872479 3.52344874346846 -15.4974318872479 3.52344874346846
"813" -19.4573557796928 1.43341998829491 -19.4573557796928 1.43341998829491
"814" 8.36228191419271 4.20516742513364 8.36228191419271 4.20516742513364
"815" 31.6918102911718 18.4127586016392 31.5946998729597 18.7674258672165
"816" 43.0668392000147 -0.768347856952946 9.61283009242325 -0.460702820007961
"817" 26.5362025605474 26.3253531991795 6.20464881103712 5.02356512688228
"818" 0.0621521145108315 31.9233339992974 0.0621521145108315 31.9233339992974
"819" 54.6628886694029 18.6740224473716 54.6727451522883 18.7537871593796
"820" 15.3500908288378 16.2794159305894 15.3500908288378 16.2794159305894
"821" -8.02580543484015 4.83726199979657 -8.02580543484015 4.83726199979657
"822" -9.73467933020558 2.60432658951912 -9.73467933020558 2.60432658951912
"823" 27.8933596190546 22.863013701538 27.8614450884279 23.1412976318389
"824" 17.0412150114977 82.4751628735152 17.0412150114977 82.4751628735152
"825" 72.8214141391687 6.34335661508577 15.3517791188755 1.3546501840068
"826" -10.3351425798163 2.77264210787278 -10.3351425798163 2.77264210787278
"827" 41.3553756904171 4.53467418891268 9.55587659880253 0.876872137571967
"828" -17.3208682429664 6.56364182711089 -17.3208682429664 6.56364182711089
"829" 7.3172043792032 5.74468834504077 7.3172043792032 5.74468834504077
"830" -16.6280412743239 1.0845023353208 -16.6280412743239 1.0845023353208
"831" 40.82563865395 33.761477823438 8.22710285458987 6.07603635222596
"832" -13.3375068683411 -3.78681821768821 -13.3375068683411 -3.78681821768821
"833" -5.14477172001705 0.397672269079547 -5.14477172001705 0.397672269079547
"834" 26.0511747160601 24.7371951156716 26.0508790980413 24.9833109513103
"835" 65.8785461156638 66.2979305998905 65.8785461156638 66.2979305998905
"836" 55.4552176802264 50.315088158495 12.2303185807145 11.0016883177675
"837" -0.829878945650373 31.65138888548 -0.829878945650373 31.65138888548
"838" 32.3172715358396 15.8392166758117 32.2094258193398 16.2380557273555
"839" 35.066707704922 16.7913717541662 34.911671186994 17.1738681963645
"840" 29.840342423297 11.8457120061226 29.775010248743 12.3130948151062
"841" -4.00906331795294 3.53119749473676 -4.00906331795294 3.53119749473676
"842" -15.5641573110431 7.70400232482137 -15.5641573110431 7.70400232482137
"843" -12.8175000615993 4.50876371201787 -12.8175000615993 4.50876371201787
"844" 55.2511212748007 12.3807963044364 12.1894830232057 2.72276571727173
"845" -8.22827313165795 -1.18696668151289 -8.22827313165795 -1.18696668151289
"846" 15.0999381527319 -7.8226420149871 15.0999381527319 -7.8226420149871
"847" 41.182282756489 23.3924913409058 8.79770530908018 4.98684592161229
"848" 55.6362535169639 18.8527264668772 55.6366878610455 18.9307613300204
"849" 70.4448684920807 20.4028535899446 70.4448684920807 20.4028535899446
"850" 8.32106808157037 5.70118213980947 8.32106808157037 5.70118213980947
"851" 34.3967957647415 7.60560255079136 34.2532574884163 8.14576179502759
"852" 62.9846782328569 -8.44403983477101 62.9846782328569 -8.44403983477101
"853" 24.3877526398981 -5.11425286504534 24.3123422389177 -5.08007114107956
"854" 48.9911429546615 -20.7264691410972 10.711209051128 -4.69858133867954
"855" 57.0426238744383 5.86089324004804 12.5689224063468 1.50175850963651
"856" -12.6734098343284 -0.391111739875035 -12.6734098343284 -0.391111739875035
"857" 62.3267524403744 -11.7849718147697 62.3267524403744 -11.7849718147697
"858" -4.27896043650428 0.00658747454743726 -4.27896043650428 0.00658747454743726
"859" 8.64728134000529 3.14447699957493 8.64728134000529 3.14447699957493
"860" 54.1469556587791 8.45937002149926 12.0430330218768 1.97367423111563
"861" -13.3579828489486 3.35337359450757 -13.3579828489486 3.35337359450757
"862" 52.4392377992045 1.75022517588421 52.9241858945503 1.73613674911003
"863" 20.9209068620942 31.1008449200276 20.9209068620942 31.1008449200276
"864" 29.6360402507366 8.42282143695035 29.5742146799602 8.94895409107555
"865" -17.3182167617372 4.1415655121626 -17.3182167617372 4.1415655121626
"866" 52.871210936161 7.26037265298145 11.7592034864274 1.79701087639146
"867" 69.9528098163555 18.9390923883132 69.9528098163555 18.9390923883132
"868" -3.61731717956147 2.74577140855802 -3.61731717956147 2.74577140855802
"869" -0.878965799928365 4.09541574908015 -0.878965799928365 4.09541574908015
"870" 60.244519843704 45.9029020496812 13.3695389239974 10.0946502366944
"871" 10.0347454171504 -1.60794345713715 10.0347454171504 -1.60794345713715
"872" 5.24977546740019 65.0934823161801 5.0889706000269 65.2729153125054
"873" -8.88248819558559 2.28924582035348 -8.88248819558559 2.28924582035348
"874" 3.21831240784572 63.8127665084091 0.904135386306472 14.1514402148477
"875" 33.610725149396 14.773727153676 33.4806788401637 15.190854065483
"876" 34.5342944098126 -17.1378464802868 7.93718737925148 -4.00998610283735
"877" 11.7584346465934 10.815282594167 11.7584346465934 10.815282594167
"878" 54.1601983878818 17.5704532628967 54.1749208956907 17.6609004872862
"879" -13.6201270162545 5.66185058291285 -13.6201270162545 5.66185058291285
"880" 30.4590429049456 66.1380309502632 30.4590429049456 66.1380309502632
"881" 67.2287118230067 -6.13246211065114 67.2287118230067 -6.13246211065114
"882" 12.4298825545718 11.7850334280094 12.4298825545718 11.7850334280094
"883" 15.4367958490225 -5.37973895867211 15.4367958490225 -5.37973895867211
"884" 32.7030493167844 18.2505839184999 32.5885821835516 18.6080347196089
"885" 12.4293510130626 -6.40884349794578 12.4293510130626 -6.40884349794578
"886" 14.1321129430162 -1.71375374436584 14.1321129430162 -1.71375374436584
"887" 58.3789746340981 45.3526828787265 58.7961165785413 44.8310852826417
"888" 11.3345307405205 1.62773507623893 11.3345307405205 1.62773507623893
"889" 25.5315964655939 21.5008731319269 25.5402187902137 21.8025365848589
"890" 56.1955333598326 44.421387360554 12.6899697348714 9.84599745902304
"891" 29.6269040676623 16.7463358919151 29.565235308601 17.1296053211194
"892" 33.7395521093758 18.3076782069988 33.6072946386132 18.6641490525586
"893" 66.0846053442826 -9.02743162829056 66.0846053442826 -9.02743162829056
"894" -9.62876822100673 8.09906628472157 -9.62876822100673 8.09906628472157
"895" 25.5403037549366 8.64965300381193 5.90104253101492 2.25669067400231
"896" 14.1611209297989 -5.11757365154507 14.1611209297989 -5.11757365154507
"897" 51.6623997304079 14.1739725109482 11.5918067450587 3.01151716126048
"898" -5.08648204282571 -0.301449911504462 -5.08648204282571 -0.301449911504462
"899" 5.85720266181037 68.8833452740014 5.67408462535595 68.92356182801
"900" -17.896335577336 5.45500474450848 -17.896335577336 5.45500474450848
"901" -13.9169942962577 8.38130994264894 -13.9169942962577 8.38130994264894
"902" 53.367485017358 -0.137856188121251 52.6032063162164 0.332696569648193
"903" 22.7591853480275 -4.7688598416724 22.6576093716956 -4.72912881850109
"904" 15.817742488406 19.0087717460663 15.817742488406 19.0087717460663
"905" 43.1814698993118 27.0873982235265 9.16792515034367 5.67108793691241
"906" 7.87835905766394 5.91378199966443 7.87835905766394 5.91378199966443
"907" -10.1310308016942 1.18855598074834 -10.1310308016942 1.18855598074834
"908" 31.9019412557863 17.2546183198737 31.8012241895143 17.6291636857967
"909" 22.2196966646349 -5.27336015147572 22.1094529274637 -5.24173474416499
"910" 36.9011697899605 11.759987773834 36.7146469124086 12.2288419372971
"911" 47.7536398257818 -38.9946080288383 10.4737533921109 -8.20392436155436
"912" -16.3551032049765 0.308190734613645 -16.3551032049765 0.308190734613645
"913" 14.4708516885073 3.05132969339959 14.4708516885073 3.05132969339959
"914" 12.5450754630155 1.1521396801127 12.5450754630155 1.1521396801127
"915" 13.4648844080382 0.716985970083966 13.4648844080382 0.716985970083966
"916" 55.8795557126288 19.9991178020395 55.8776348996851 20.0660556358308
"917" 14.7267876949124 2.99541724624173 14.7267876949124 2.99541724624173
"918" 42.2501140717092 9.60241905483412 9.71625093528026 1.78522282119515
"919" 53.0831274656043 11.840247908576 53.439867368072 11.7731903676634
"920" 56.6146820919013 8.34012908831962 12.4912028529151 1.95201859370028
"921" 52.3185477302138 3.44419098118216 52.8057959881486 3.39781823470482
"922" 23.41238871884 20.3021073927024 23.4573847236661 20.6243462336339
"923" -15.7757771839056 0.125920606019027 -15.7757771839056 0.125920606019027
